0.00125126
0.563585
0.193304
0.80874
0.585009
0.479873
0.350291
0.895962
0.82284
0.746605
0.174108
0.858943
0.710501
0.513535
0.303995
0.0149846
0.0914029
0.364452
0.147313
0.165899
0.988525
0.445692
0.119083
0.00466933
0.0089114
0.37788
0.531663
0.571184
0.601764
0.607166
0.166234
0.663045
0.450789
0.352123
0.0570391
0.607685
0.783319
0.802606
0.519883
0.30195
0.875973
0.726676
0.955901
0.925718
0.539354
0.142338
0.462081
0.235328
0.862239
0.209601
0.779656
0.843654
0.996796
0.999695
0.611499
0.392438
0.266213
0.297281
0.840144
0.0237434
0.375866
0.0926237
0.677206
0.0562151
0.00878933
0.91879
0.275887
0.272896
0.587909
0.691183
0.837611
0.726493
0.484939
0.205359
0.743736
0.468459
0.457961
0.949156
0.744438
0.10828
0.599048
0.385235
0.735008
0.608966
0.572405
0.361339
0.151555
0.225105
0.425153
0.802881
0.517106
0.98999
0.751549
0.345561
0.168981
0.657308
0.491897
0.0635395
0.699759
0.504807
0.147496
0.949583
0.141575
0.905118
0.692892
0.303049
0.426557
0.0703757
0.966613
0.683187
0.153233
0.877255
0.82168
0.582049
0.191351
0.177892
0.817194
0.475265
0.155553
0.503922
0.732017
0.405591
0.27958
0.568743
0.682241
0.755852
0.721915
0.475295
0.12302
0.367809
0.834681
0.0350963
0.517014
0.662984
0.426221
0.104678
0.949339
0.921384
0.549547
0.345988
0.471725
0.374981
0.84698
0.316874
0.456099
0.271889
0.982971
0.2978
0.739189
0.567278
0.19599
0.761315
0.839442
0.397656
0.5009
0.890164
0.0274667
0.994629
0.572588
0.0505081
0.531327
0.194067
0.843043
0.626759
0.657613
0.197851
0.842158
0.123325
0.109928
0.743126
0.314066
0.941069
0.286081
0.336314
0.140263
0.733085
0.83462
0.707999
0.600238
0.747215
0.252724
0.144475
0.00161748
0.0610065
0.806238
0.852626
0.210578
0.115604
0.553209
0.0142521
0.113773
0.454512
0.75222
0.686148
0.543443
0.0738853
0.43672
0.201941
0.696219
0.290353
0.436689
0.232429
0.577868
0.532579
0.628681
0.160192
0.504135
0.963042
0.695761
0.924802
0.189947
0.335948
0.17835
0.995178
0.457442
0.998016
0.0975066
0.625172
0.0943938
0.437727
0.931516
0.0484329
0.89462
0.290017
0.227302
0.769066
0.410718
0.201972
0.628071
0.604144
0.451613
0.466353
0.597827
0.634724
0.854793
0.828791
0.624775
0.720908
0.565752
0.375134
0.184271
0.737907
0.555132
0.905087
0.242866
0.18894
0.604724
0.698508
0.584613
0.351299
0.494461
0.0803858
0.740745
0.612049
0.62038
0.691122
0.804529
0.149113
0.576037
0.867733
0.911557
0.614704
0.727683
0.0432142
0.667776
0.976531
0.315012
0.569201
0.305826
0.173925
0.108554
0.869045
0.851222
0.744316
0.154881
0.326914
0.0793481
0.0766015
0.64098
0.820002
0.545091
0.448256
0.408979
0.298746
0.46556
0.501206
0.152654
0.323038
0.737999
0.313883
0.826685
0.959075
0.873348
0.725028
0.300058
0.943999
0.127232
0.0657369
0.784967
0.524583
0.609638
0.956114
0.0722678
0.875637
0.653859
0.322123
0.104801
0.505051
0.227088
0.290292
0.91998
0.551164
0.662801
0.114536
0.492538
0.379131
0.496811
0.793359
0.509262
0.382366
0.688162
0.532151
0.606281
0.395184
0.00589007
0.707877
0.10062
0.623066
0.863247
0.491501
0.747337
0.496902
0.380108
0.785363
0.552812
0.357097
0.955718
0.630848
0.17658
0.374248
0.131626
0.743278
0.95172
0.611988
0.0278329
0.329844
0.0559099
0.63921
0.131626
0.847072
0.864315
0.596881
0.721641
0.853969
0.0146794
0.126469
0.707907
0.617145
0.217566
0.0659505
0.16892
0.624104
0.340983
0.319407
0.367565
0.661
0.802393
0.806879
0.526536
0.611103
0.798181
0.900601
0.14481
0.630177
0.402417
0.2537
0.13654
0.85519
0.0661641
0.427808
0.573351
0.302286
0.548051
0.225562
0.31135
0.11063
0.808039
0.134709
0.284249
0.78811
0.89523
0.789636
0.743797
0.615223
0.361126
0.856655
0.228492
0.863582
0.229438
0.24955
0.542405
0.984832
0.0538041
0.0814234
0.524674
0.426801
0.0946684
0.258797
0.891537
0.232765
0.14655
0.125095
0.931639
0.0801111
0.0470901
0.0587176
0.336406
0.914701
0.398602
0.432783
0.946165
0.837184
0.534227
0.842097
0.693533
0.397687
0.259163
0.00433363
0.52559
0.954802
0.398694
0.241096
0.585559
0.255135
0.684011
0.94528
0.435499
0.890225
0.00717185
0.940977
0.60155
0.786157
0.576678
0.14243
0.222327
0.383007
0.00427259
0.41792
0.0822474
0.659932
0.855098
0.0648518
0.81106
0.662069
0.691488
0.802698
0.530137
0.685629
0.142766
0.689505
0.727897
0.777734
0.0310678
0.868679
0.64452
0.706565
0.0854518
0.551988
0.947905
0.0587787
0.274972
0.145177
0.98178
0.619983
0.292245
0.922483
0.367534
0.69454
0.218635
0.155919
0.240547
0.521439
0.90228
0.106418
0.902646
0.441725
0.0801111
0.782098
0.171789
0.974395
0.775872
0.870388
0.210639
0.456618
0.00375378
0.750633
0.114048
0.404706
0.311136
0.992615
0.0385754
0.252083
0.189276
0.247688
0.153508
0.620319
0.885372
0.939085
0.195654
0.779656
0.645558
0.656758
0.909146
0.455458
0.921293
0.664174
0.150761
0.636341
0.569536
0.42204
0.943022
0.540574
0.57857
0.536454
0.255287
0.396954
0.350261
0.0366222
0.795251
0.196509
0.0702841
0.389416
0.590747
0.070925
0.197668
0.155889
0.644337
0.454329
0.604297
0.697348
0.441298
0.684469
0.396527
0.835719
0.592185
0.199309
0.94944
0.876291
0.391551
0.987742
0.185241
0.895516
0.574304
0.441848
0.627147
0.708234
0.0497806
0.285607
0.260172
0.408041
0.895272
0.708893
0.728368
0.897331
0.392866
0.398777
0.903618
0.307652
0.387476
0.56962
0.352679
0.732458
0.74614
0.736588
0.739277
0.141206
0.200619
0.270185
0.680068
0.9128
0.366326
0.520477
0.109295
0.906016
0.20146
0.516685
0.653837
0.436745
0.689047
0.0906111
0.0789792
0.0789205
0.0284564
0.353613
0.306858
0.697849
0.141644
0.396862
0.0680907
0.675063
0.723652
0.198229
0.693833
0.615024
0.655734
0.54395
0.097786
0.547131
0.0502789
0.971795
0.463804
0.972051
0.726566
0.534739
0.680037
0.691086
0.370522
0.387184
0.0491314
0.808034
0.171382
0.0608938
0.310034
0.788444
0.213044
0.316225
0.484615
0.0143841
0.43749
0.515103
0.605648
0.754739
0.398596
0.346355
0.840349
0.93805
0.627038
0.997829
0.0527334
0.571135
0.864031
0.381573
0.306322
0.288888
0.0245152
0.619195
0.390981
0.0151918
0.0287417
0.452561
0.855894
0.932871
0.405276
0.727852
0.610896
0.815778
0.875697
0.580192
0.594886
0.0807499
0.792161
0.465027
0.590531
0.58791
0.568158
0.814736
0.671859
0.341823
0.0116817
0.267429
0.341091
0.235129
0.770605
0.368792
0.869748
0.119765
0.724456
0.632196
0.893386
0.180845
0.534344
0.899772
0.778543
0.962551
0.198992
0.901796
0.79709
0.957388
0.848465
0.888246
0.628711
0.187612
0.616144
0.267336
0.250254
0.730643
0.787298
0.169339
0.712748
0.478992
0.0825976
0.806843
0.855172
0.127536
0.307335
0.570573
0.473192
0.764892
0.190821
0.730958
0.994681
0.0133038
0.646888
0.6897
0.172555
0.0696671
0.276726
0.677219
0.838715
0.56066
0.370749
0.774773
0.232938
0.643185
0.229923
0.210298
0.970494
0.277988
0.0217252
0.765788
0.149303
0.042877
0.0122253
0.349629
0.643547
0.350169
0.413908
0.412943
0.0911184
0.549258
0.698041
0.342761
0.657188
0.873134
0.534673
0.567302
0.052296
0.462741
0.262258
0.427786
0.863204
0.492169
0.0874733
0.564931
0.709562
0.779499
0.863926
0.851711
0.292933
0.86374
0.644696
0.746263
0.828151
0.764837
0.872558
0.908581
0.912498
0.523438
0.440208
0.107145
0.354102
0.823615
0.427542
0.170483
0.000821715
0.657121
0.773419
0.0634014
0.0895336
0.385223
0.68426
0.807769
0.154057
0.143676
0.0483497
0.34547
0.0185499
0.979332
0.647253
0.0546283
0.914081
0.636925
0.431321
0.0204437
0.24218
0.391326
0.654522
0.782143
0.0227623
0.827201
0.13838
0.633959
0.550399
0.983906
0.463249
0.215237
0.300666
0.781909
0.342359
0.480324
0.607831
0.102226
0.98467
0.75594
0.150853
0.456935
0.711631
0.998749
0.775506
0.641652
0.621204
0.946104
0.688162
0.289804
0.567156
0.290384
0.548235
0.712363
0.246437
0.546678
0.49263
0.952055
0.66982
0.76516
0.623371
0.445753
0.798761
0.745537
0.988922
0.204627
0.629475
0.909818
0.591296
0.918393
0.505539
0.489395
0.449721
0.88934
0.940397
0.182928
0.251961
0.203009
0.730491
0.94113
0.62508
0.0413526
0.641346
0.0345164
0.556352
0.544481
0.446333
0.0613727
0.996033
0.12775
0.600909
0.0503555
0.172796
0.660237
0.332438
0.315958
0.653584
0.410535
0.427503
0.221625
0.678518
0.166448
0.497543
0.507645
0.802728
0.435072
0.00451674
0.339488
0.375896
0.128574
0.827326
0.733299
0.89114
0.64333
0.650594
0.514481
0.73397
0.737175
0.957091
0.465835
0.363262
0.112186
0.90466
0.821223
0.454787
0.108676
0.869442
0.761376
0.0391247
0.416669
0.936125
0.0677511
0.164861
0.21128
0.116916
0.591113
0.118351
0.618275
0.580096
0.690298
0.731559
0.915647
0.669729
0.298502
0.808863
0.378185
0.997497
0.772515
0.204413
0.170568
0.388256
0.181219
0.580981
0.195624
0.960143
0.190252
0.381726
0.303995
0.120823
0.198157
0.0462355
0.771172
0.76104
0.881039
0.00177007
0.448622
0.426374
0.801538
0.461348
0.494858
0.749382
0.238502
0.559404
0.0927458
0.922025
0.893826
0.857021
0.0596332
0.49089
0.632038
0.747215
0.756066
0.255745
0.909909
0.791986
0.199622
0.552843
0.0512406
0.522172
0.790368
0.704154
0.0240486
0.731742
0.553362
0.914212
0.875546
0.79693
0.305429
0.39494
0.481887
0.0525834
0.651967
0.000854518
0.768578
0.756188
0.219733
0.154759
0.0575274
0.670614
0.0326853
0.345866
0.697867
0.798151
0.436262
0.981719
0.635548
0.295297
0.476974
0.874921
0.0792081
0.100834
0.14297
0.142323
0.918437
0.308886
0.373917
0.813005
0.0468857
0.814378
0.240381
0.897739
0.256439
0.269061
0.208414
0.230564
0.843401
0.873731
0.888521
0.842564
0.613275
0.041427
0.172531
0.180458
0.355087
0.449379
0.183923
0.895618
0.622753
0.545338
0.914787
0.524443
0.722988
0.997745
0.974081
0.863074
0.850788
0.147381
0.370437
0.278399
0.167359
0.972442
0.737331
0.720874
0.0309197
0.643359
0.822457
0.739742
0.806014
0.12198
0.72547
0.367965
0.667202
0.917351
0.883796
0.0224027
0.768444
0.447422
0.00111102
0.235726
0.41862
0.153533
0.934137
0.507656
0.221369
0.75083
0.918587
0.201867
0.0606658
0.773176
0.21698
0.541681
0.797026
0.847803
0.319193
0.551202
0.991775
0.86407
0.673464
0.233285
0.778127
0.368808
0.393434
0.0189156
0.605148
0.397554
0.0988132
0.30658
0.880477
0.189983
0.916036
0.145722
0.851374
0.88781
0.492286
0.228383
0.58833
0.558651
0.658255
0.402352
0.0739165
0.863631
0.110295
0.24517
0.267534
0.665078
0.52826
0.985287
0.611724
0.780055
0.484778
0.821239
0.671673
0.131896
0.560481
-0.0135598
0.0882261
0.747076
0.287131
0.869796
0.425899
0.745835
0.00273452
0.664479
0.0311581
0.667763
1.05229
0.497133
0.614734
0.258367
0.882182
0.601644
0.70102
0.257641
0.778385
0.417177
0.694447
0.319188
-0.0529641
0.518706
0.633411
0.383711
0.490662
0.021553
0.184125
0.589847
0.960841
0.382204
1.04565
0.371172
0.457253
-0.0353399
0.908468
0.821458
0.35534
0.750674
0.341174
0.5807
0.623668
0.555268
-0.0588249
0.374606
0.313819
0.893114
0.96998
0.953543
0.538744
0.544399
0.0134626
0.364321
0.226581
0.552018
0.0910025
0.857597
0.42813
0.775166
0.843735
0.587524
0.295361
0.241215
0.664858
0.864641
0.184887
0.267148
0.667954
0.827889
0.157999
0.240682
0.459293
0.876785
0.691695
0.0199444
0.921168
0.0609374
0.689351
0.226972
0.255825
0.105852
0.174942
0.469626
0.908416
0.0150484
0.0165669
0.378656
0.29167
0.505884
0.590754
0.408035
0.876294
0.603017
0.342025
0.456838
0.459236
0.944565
0.511996
0.818745
0.760056
0.777637
0.550923
0.899386
0.326379
0.934451
0.337382
0.940938
0.686486
0.1286
0.809297
0.460198
0.21386
0.0217313
0.0178871
0.443572
0.83874
0.11889
-0.0141861
0.233327
0.823934
0.794137
0.826517
0.656669
0.274809
0.782545
0.946889
0.83291
0.270257
0.494989
0.00531904
0.068193
0.0134907
0.343085
0.693889
0.425036
0.184665
0.295616
0.216569
0.743758
0.121147
0.0588385
0.539737
0.353634
0.821952
0.156399
0.889789
0.12756
0.0194006
0.173911
0.805888
0.257466
0.572789
0.345502
0.55922
0.665222
0.865102
0.932396
0.949828
0.102828
0.159713
0.557409
0.796722
0.892614
0.0692764
0.870129
0.818007
0.391263
0.549143
0.671033
0.45825
0.281631
0.94691
0.982116
0.730263
0.593693
0.275584
0.131871
0.196328
0.599318
0.485838
0.354277
0.227977
0.47999
0.692123
0.947807
0.674714
0.982551
0.236987
0.513595
0.23644
0.897817
0.485061
0.326405
0.53708
0.570591
0.336109
0.347844
0.168764
0.290549
0.219398
0.922792
0.740538
0.807001
0.650441
0.686697
0.270089
0.766869
0.0644246
0.721763
0.859066
0.341563
0.0443739
0.484298
0.0207831
0.838191
0.618519
0.540574
0.604053
0.568682
0.777367
0.640034
0.696738
0.759941
0.868007
0.157994
0.423505
0.786462
0.021424
0.438368
0.0421461
0.506302
0.269265
0.0682699
0.24485
0.982055
0.506455
0.615528
0.0710166
0.367504
0.955535
0.860073
0.337474
0.24189
0.289529
0.0509659
0.992706
0.17246
0.0689108
0.22013
0.300912
0.786859
0.649617
0.0836818
0.262764
0.136479
0.217536
0.562578
0.178259
0.632282
0.106906
0.453719
0.758843
0.333811
0.0574053
0.28251
0.694296
0.873257
0.567583
0.868496
0.0812098
0.795404
0.999664
0.634999
0.618854
0.594775
0.593127
0.19425
0.978881
0.231513
0.0422987
0.239051
0.255135
0.406853
0.794943
0.272436
0.899985
0.379414
0.72759
0.206521
0.0529777
0.604514
0.354021
0.361304
0.668156
0.976028
0.223611
0.895756
0.346932
0.95352
0.66512
0.201666
0.282357
0.355449
0.531999
0.290994
0.219977
0.0996124
0.106723
0.709342
0.843806
0.671865
0.819147
0.005768
0.491348
0.605809
0.935576
0.290373
0.604261
0.747047
0.873696
0.912675
0.830753
0.604899
0.305677
0.784193
0.150785
0.541751
0.688271
0.394964
0.99351
0.106079
0.411498
0.0250784
0.681798
0.257252
0.170818
0.231161
0.19149
0.856954
0.766353
0.0503924
0.486162
0.054464
0.959022
0.0840645
0.564643
0.972908
0.567547
0.871873
0.39892
0.395715
0.425645
0.664955
0.825898
0.929421
0.287565
0.00898228
0.619954
0.0491076
0.651117
0.417409
0.957756
0.625765
0.186875
0.399728
0.318541
0.605616
0.834656
0.0185459
0.109068
0.360271
0.28602
0.331017
0.833068
0.851843
0.300717
0.186907
0.571597
0.506428
0.967433
0.408471
0.331352
0.387277
0.432605
0.603179
0.880662
0.2776
0.407135
0.97225
0.521231
0.415738
0.589524
0.757905
0.100767
0.209789
0.159734
0.0512342
0.265182
0.425239
0.706584
0.366038
0.0811165
0.523208
0.161221
0.308194
0.83643
0.438074
0.965484
0.19297
0.142923
0.608964
0.199123
-0.0412769
0.502187
0.707982
0.21807
1.01839
0.376602
0.773283
0.551529
0.260354
0.321847
0.475842
0.268516
0.379496
0.821935
0.953634
0.299331
0.37156
0.642546
0.654388
0.238152
0.140728
0.753304
0.684007
0.668385
0.395565
0.489157
0.0957356
0.367383
0.145959
0.433934
1.04195
0.102005
0.243231
0.0733329
0.231106
0.380187
0.338942
0.189861
-0.031911
0.358404
0.101656
0.502186
0.974687
0.758677
0.386403
1.04293
0.306786
0.309957
0.39876
0.645514
0.110367
1.1827
0.335817
0.250972
0.584895
0.815092
0.646256
0.762149
0.0314984
0.209321
0.215695
1.13968
0.980621
0.311245
0.639006
0.250886
0.762486
0.775249
0.141048
0.748685
-0.16676
0.25088
0.3813
0.578054
0.565301
0.391197
0.0596413
1.21205
0.176528
-0.210376
0.859796
0.460677
0.592946
0.479617
0.132548
0.327772
0.451705
0.470629
0.800687
0.746919
0.341753
0.477488
0.792369
0.414955
1.04121
0.340716
0.183915
0.148791
0.0658495
0.459309
0.206942
0.100165
0.775658
0.523657
0.701763
0.191795
0.755701
0.780658
0.857118
1.1829
0.876043
0.0876378
0.0764544
0.147414
0.788795
0.356932
0.888651
0.257361
0.817669
0.303024
0.28517
0.580198
0.948954
0.37794
0.380344
0.88761
0.274343
0.35809
0.504222
0.868031
0.708467
0.893232
0.478847
0.746808
0.457939
0.212184
0.309573
-0.0269533
0.949677
0.763883
0.329891
0.430238
0.210498
0.246381
0.0349189
0.936613
0.199269
0.500018
0.135752
0.825361
0.540366
0.735683
0.173121
0.396506
0.786515
0.432593
0.616506
0.90499
0.168067
0.28273
0.959241
0.756917
0.176119
0.919811
0.0397734
0.718306
0.000580573
0.100303
0.0697724
0.51807
0.585243
0.538646
0.214041
0.14024
0.297753
0.0437585
0.411521
0.164989
0.242183
0.850564
0.501826
0.253277
0.971676
0.897355
0.112771
0.26388
0.716383
0.475055
0.293152
0.381894
0.522512
0.799584
0.517763
0.0842443
0.824455
0.570215
0.0996901
0.501372
0.939278
0.713635
0.469387
0.439911
0.925241
0.550677
0.36425
0.904773
0.659438
0.114571
0.507644
0.121269
0.277098
0.555316
0.789349
0.363968
0.855492
0.739289
0.460556
0.352204
0.447355
0.586564
0.378206
0.64358
0.557613
0.48145
0.83668
0.186973
0.00933714
0.110487
0.0403671
0.221088
0.255675
0.40964
0.707215
0.441661
0.1339
0.544134
0.856688
0.808206
0.218268
0.923826
0.313364
0.143223
0.606861
0.0102847
0.955565
0.537248
0.386883
0.0123905
0.237068
0.885708
0.592456
0.152593
0.016541
0.535203
0.916715
0.65273
0.224464
0.40556
0.965819
0.0970794
0.399579
0.506119
0.335307
0.32841
0.625416
0.250771
0.289956
0.533525
0.898679
0.478072
0.328166
0.674581
0.460341
0.582751
0.412763
0.9223
0.120975
0.664724
0.148686
0.247383
0.111576
0.102023
0.689505
0.826441
0.490738
0.453749
0.653432
0.4185
0.639912
0.0992157
0.830592
0.368633
0.877957
0.520035
0.962279
0.394696
0.7257
0.630604
0.374126
0.81341
0.852565
0.0639363
0.743584
0.362377
0.235603
0.818964
0.783715
0.273934
0.563219
0.174718
0.124241
0.757103
0.4138
0.279427
0.170965
0.544206
0.241249
0.318613
0.225496
0.658225
0.698386
0.669965
0.642744
0.0560567
0.329544
0.952327
0.320135
0.307881
0.163009
0.369043
0.276157
0.961082
0.235953
0.261003
0.624199
0.756566
0.582236
0.271006
0.712206
0.337692
0.714404
0.022177
0.699636
0.630483
0.126599
0.720109
0.37976
0.523924
0.865129
0.59131
0.496221
0.03329
0.668659
0.549188
0.350458
0.572387
0.766984
0.0269715
-0.0051803
0.548849
0.750625
0.285317
0.788859
0.833078
0.727532
0.294032
0.554966
0.409551
0.0944912
0.366077
0.0944045
0.669208
0.170387
0.70245
0.650124
0.750627
0.893164
0.76895
0.555695
0.254441
0.114574
0.267326
0.782389
0.979155
0.467071
0.146582
0.792622
0.623024
0.37217
0.509906
0.940755
0.40767
0.964049
0.251248
0.597956
0.543699
0.145586
0.932698
0.54759
0.643513
0.00536294
0.518963
0.724699
0.119423
0.693977
0.248672
0.116614
0.795619
1.02616
0.812213
0.823324
0.481426
0.890372
0.873486
0.7676
0.719902
0.664794
-0.0752952
0.724176
0.178887
0.46861
0.691255
0.518568
0.934638
0.9232
0.152762
0.272292
0.493244
0.485408
0.474888
1.00942
0.569695
0.241346
0.250696
0.304487
0.795515
0.174577
0.217148
0.696364
0.211905
0.451627
0.232879
0.2427
0.269948
0.261895
0.507612
0.579487
0.236616
0.520738
0.442367
0.779628
0.511904
0.53205
0.396627
0.550328
0.979545
0.408518
0.878913
0.373935
0.408869
0.870251
0.773955
0.693908
0.0368579
0.399095
0.168402
0.378222
0.102638
0.647474
0.639876
0.464452
1.19695
0.763376
0.396727
-0.146616
0.0492394
0.382421
0.738124
0.615699
0.235663
-0.0135741
0.387895
0.430981
0.161936
0.14879
0.865102
0.388134
1.07792
0.792733
0.246523
0.4562
0.426719
0.491125
1.1528
0.688758
0.661151
0.743357
0.053669
0.449437
0.751875
0.266244
1.04539
